5198.6038542

5198.6038542

5198.6038542

5198.6038542

5198.6038542

4871.43838498

4871.43838498

4833.31529004

4832.62214286

4806.97569718

4764.69371917

4700.23103138

4591.40692403

4577.54398042

4533.87570804

4512.38814545

4511.00185108

4490.20743567

4484.66225822

4483.96911104

4459.01581254

4436.83510276

4436.83510276

4426.43789506

4393.16683039

4384.84906422

4384.84906422

4384.15591704

4354.35058828

4348.11226365

4347.41911647

4347.41911647

4347.41911647

4347.41911647

4347.41911647

4347.41911647

4345.33967493

4345.33967493

4341.87393903

4340.48764467

4340.48764467

4339.79449749

4339.79449749

4339.79449749

4339.79449749

4339.79449749

4339.79449749

4339.79449749

4339.79449749

4339.79449749

4339.79449749

4339.10135031

4339.10135031

4339.10135031

4339.10135031

4339.10135031

4337.71505594

4313.45490462

4307.90972718

4307.90972718

4307.21658

4307.21658

4306.52343282

4302.36454974

4301.67140256

4301.67140256

4298.20566665

4295.43307793

4295.43307793

4294.04678357

4294.04678357

4294.04678357

4289.88790049

4280.87698714

4264.2414548

4224.03891833

4193.54044239

4193.54044239

4151.25846437

4080.55745196

4080.55745196

4068.08080271

4068.08080271

4054.91100628

4046.59324011

4022.33308879

4022.33308879

4014.01532262

3983.51684668

3954.40466509

3954.40466509

3914.8952758

3844.88741057

3837.95593876

3831.71761414

3831.71761414

3831.71761414

3831.71761414

3831.71761414

3831.71761414

3831.71761414

3819.24096489

3806.07116845

3801.21913819

3801.21913819

3793.5945192

3780.42472277

3779.03842841

3756.85771863

3727.74553705

3727.74553705

3725.66609551

3725.66609551

3725.66609551

3725.66609551

3717.34832934

3717.34832934

3717.34832934

3717.34832934

3717.34832934

3717.34832934

3717.34832934

3717.34832934

3674.37320415

3674.37320415

3665.3622908

3659.81711336

3659.81711336

3659.12396618

3659.12396618

3643.18158102

3636.25010922

3636.25010922

3632.78437331

3632.78437331

3632.09122613

3621.69401843

3621.69401843

3619.61457688

3604.36533891

3592.58183684

3592.58183684

3589.80924812

3589.80924812

3581.49148195

3547.52727011

3515.6424998

3491.38234848

3483.06458231

3483.06458231

3480.29199359

3480.29199359

3480.29199359

3480.29199359

3472.66737461

3472.66737461

3472.66737461

3472.66737461

3472.66737461

3472.66737461

3472.66737461

3472.66737461

3471.97422742

3471.97422742

3471.97422742

3471.28108024

3471.28108024

3471.28108024

3471.28108024

3471.28108024

3471.28108024

3471.28108024

3471.28108024

3471.28108024

3471.28108024

3471.28108024

3471.28108024

3471.28108024

3471.28108024

3471.28108024

3471.28108024

3465.04275562

3465.04275562

3462.2701669

3462.2701669

3462.2701669

3462.2701669

3461.57701972

3461.57701972

3461.57701972

3461.57701972

3461.57701972

3461.57701972

3461.57701972

3461.57701972

3460.19072536

3455.33869509

3428.99910223

3388.10341858

3384.63768267

3362.4569729

3347.20773492

3329.87905541

3329.87905541

3329.87905541

3329.87905541

3329.87905541

3329.87905541

3329.87905541

3329.87905541

3329.87905541

3305.61890409

3265.41636762

3265.41636762

3250.16712965

3250.16712965

3250.16712965

3250.16712965

3250.16712965

3241.84936348

3214.12347626

3153.12652437

3134.41155049

3040.14353394

3020.0422657

3000.63414464

3000.63414464

3000.63414464

2997.86155592

2997.86155592

2997.86155592

2997.86155592

2997.86155592

2997.86155592

2997.86155592

2997.86155592

2997.86155592

2997.86155592

2997.86155592

2997.86155592

2997.86155592

2997.86155592

2997.86155592

2997.86155592

2997.86155592

2997.86155592

2997.86155592

2997.86155592

2997.86155592

2997.16840874

2995.78211438

2993.70267284

2973.6014046

2947.26181174

2938.94404557

2938.94404557

2935.47830967

2935.47830967

2935.47830967

2935.47830967

2935.47830967

2935.47830967

2935.47830967

2935.47830967

2935.47830967

2935.47830967

2935.47830967

2935.47830967

2935.47830967

2935.47830967

2916.7633358

2895.2757732

2888.34430139

2888.34430139

2884.87856549

2884.87856549

2884.87856549

2881.41282959

2881.41282959

2881.41282959

2881.41282959

2881.41282959

2881.41282959

2880.02653523

2880.02653523

2880.02653523

2880.02653523

2880.02653523

2880.02653523

2880.02653523

2880.02653523

2880.02653523

2880.02653523

2880.02653523

2880.02653523

2880.02653523

2880.02653523

2880.02653523

2869.62932752

2828.04049668

2798.9283151

2763.57780889

2750.40801246

2735.15877449

2735.15877449

2735.15877449

2735.15877449

2735.15877449

2735.15877449

2735.15877449

2735.15877449

2735.15877449

2734.46562731

2734.46562731

2734.46562731

2734.46562731

2734.46562731

2734.46562731

2734.46562731

2734.46562731

2734.46562731

2726.84100832

2699.1151211

2688.71791339

2688.71791339

2688.71791339

2688.71791339

2688.71791339

2688.71791339

2688.71791339

2688.71791339

2688.71791339

2688.71791339

2688.71791339

2688.71791339

2688.71791339

2688.71791339

2688.71791339

2680.40014723

2680.40014723

2680.40014723

2680.40014723

2663.07146771

2663.07146771

2663.07146771

2660.29887899

2660.29887899

2660.29887899

2660.29887899

2660.29887899

2660.29887899

2656.13999591

2656.13999591

2656.13999591

2654.06055436

2652.67426

2652.67426

2652.67426

2652.67426

2652.67426

2652.67426

2652.67426

2652.67426

2652.67426

2652.67426

2652.67426

2652.67426

2652.67426

2648.51537692

2648.51537692

2648.51537692

2648.51537692

2648.51537692

2648.51537692

2648.51537692

2648.51537692

2648.51537692

2647.82222974

2647.82222974

2647.82222974

2647.82222974

2647.82222974

2647.82222974

2647.82222974

2645.7427882

2645.7427882

2645.7427882

2645.7427882

2645.7427882

2645.7427882

2645.7427882

2645.7427882

2645.7427882

2645.7427882

2645.7427882

2645.7427882

2645.7427882

2645.7427882

2645.7427882

2645.7427882

2645.7427882

2645.7427882

2645.7427882

2645.7427882

2645.7427882

2645.7427882

2641.58390511

2638.81131639

2638.81131639

2638.81131639

2638.81131639

2638.81131639

2638.81131639

2638.81131639

2638.81131639

2638.81131639

2638.81131639

2638.81131639

2638.81131639

2638.81131639

2638.81131639

2638.81131639

2638.81131639

2638.81131639

2638.81131639

2638.81131639

2638.81131639

2638.81131639

2638.81131639

2638.81131639

2638.81131639

2638.81131639

2638.81131639

2638.81131639

2621.48263688

2621.48263688

2621.48263688

2615.93745943

2615.93745943

2615.93745943

2615.93745943

2614.55116507

2614.55116507

2614.55116507

2613.16487071

2545.23644702

2536.91868085

2536.91868085

2536.91868085

2536.22553367

2536.22553367

2536.22553367

2536.22553367

2536.22553367

2536.22553367

2525.82832596

2519.59000134

2519.59000134

2519.59000134

2519.59000134

2519.59000134

2519.59000134

2519.59000134

2519.59000134

2519.59000134

2519.59000134

2519.59000134

2519.59000134

2519.59000134

2519.59000134

2519.59000134

2519.59000134

2519.59000134

2519.59000134

2519.59000134

2519.59000134

2519.59000134

2519.59000134

2519.59000134

2519.59000134

2519.59000134

2519.59000134

2519.59000134

2519.59000134

2519.59000134

2519.59000134

2519.59000134

2519.59000134

2506.4202049

2489.78467257

2470.37655152

2439.18492839

2411.45904117

2411.45904117

2411.45904117

2411.45904117

2411.45904117

2411.45904117

2349.07579492

2299.8623451

2293.62402047

2293.62402047

2293.62402047

2293.62402047

2293.62402047

2293.62402047

2293.62402047

2293.62402047

2293.62402047

2293.62402047

2293.62402047

2293.62402047

2293.62402047

2293.62402047

2293.62402047

2293.62402047

2293.62402047

2293.62402047

2293.62402047

2293.62402047

2293.62402047

2293.62402047

2293.62402047

2293.62402047

2293.62402047

2293.62402047

2293.62402047

2293.62402047

2293.62402047

2293.62402047

2293.62402047

2293.62402047

2293.62402047

2293.62402047

2293.62402047

2293.62402047

2293.62402047

2293.62402047

2293.62402047

2293.62402047

2293.62402047

2293.62402047

2240.94483475

2240.94483475

2240.94483475

2240.94483475

2240.94483475

2240.94483475

2240.94483475

2240.94483475

2231.9339214

2211.13950599

2177.86844132

2152.22199564

2142.51793511

2142.51793511

2142.51793511

2142.51793511

2142.51793511

2142.51793511

2142.51793511

2142.51793511

2142.51793511

2142.51793511

2142.51793511

2142.51793511

2142.51793511

2142.51793511

2141.82478793

2141.82478793

2141.82478793

2141.82478793

