5198.6038542

5198.6038542

5198.6038542

5198.6038542

5198.6038542

4871.43838498

4853.41655828

4824.3043767

4823.61122952

4823.61122952

4822.91808234

4822.91808234

4822.91808234

4822.91808234

4822.91808234

4822.91808234

4822.22493516

4822.22493516

4822.22493516

4822.22493516

4822.22493516

4813.90716899

4765.38686635

4688.44752931

4578.2371276

4568.53306707

4516.54702853

4504.76352646

4483.96911104

4477.03763924

4476.34449206

4470.79931461

4436.14195558

4416.73383453

4411.88180426

4411.88180426

4411.88180426

4411.88180426

4389.70109449

4366.13409035

4365.44094317

4365.44094317

4365.44094317

4365.44094317

4365.44094317

4365.44094317

4365.44094317

4365.44094317

4365.44094317

4364.05464881

4364.05464881

4364.05464881

4364.05464881

4364.05464881

4364.05464881

4364.05464881

4364.05464881

4364.05464881

4346.03282211

4313.45490462

4306.52343282

4292.66048921

4269.78663225

4264.93460199

4264.93460199

4264.93460199

4264.93460199

4264.93460199

4264.93460199

4264.93460199

4264.93460199

4255.23054146

4221.95947679

4213.64171062

4210.17597472

4183.14323468

4176.21176287

4175.51861569

4175.51861569

4175.51861569

4175.51861569

4175.51861569

4175.51861569

4175.51861569

4175.51861569

4175.51861569

4175.51861569

4157.496789

4128.38460742

4115.21481098

4113.82851662

4111.0559279

4111.0559279

4111.0559279

4111.0559279

4111.0559279

4111.0559279

4111.0559279

4111.0559279

4111.0559279

4111.0559279

4111.0559279

4111.0559279

4111.0559279

4090.95465966

4081.25059914

4079.86430478

4078.47801041

4073.62598015

4073.62598015

4073.62598015

4073.62598015

4073.62598015

4073.62598015

4073.62598015

4073.62598015

4073.62598015

4073.62598015

4073.62598015

4073.62598015

4073.62598015

4073.62598015

4073.62598015

4073.62598015

4073.62598015

4069.46709707

4065.30821398

4063.22877244

4063.22877244

4062.53562526

4062.53562526

4062.53562526

4062.53562526

4062.53562526

4062.53562526

4062.53562526

4062.53562526

4050.05897601

4018.17420571

3949.55263483

3836.5696444

3835.18335004

3822.01355361

3822.01355361

3822.01355361

3822.01355361

3822.01355361

3822.01355361

3822.01355361

3822.01355361

3821.32040643

3818.5478177

3813.69578744

3812.30949308

3812.30949308

3811.6163459

3811.6163459

3811.6163459

3811.6163459

3811.6163459

3811.6163459

3811.6163459

3811.6163459

3811.6163459

3811.6163459

3811.6163459

3811.6163459

3811.6163459

3736.7564504

3719.42777088

3706.25797445

3692.39503084

3658.430819

3657.73767181

3657.73767181

3652.88564155

3623.08031279

3595.35442556

3594.66127838

3594.66127838

3594.66127838

3594.66127838

3594.66127838

3564.16280244

3530.89173777

3523.96026597

3505.93843927

3489.99605412

3486.53031822

3486.53031822

3486.53031822

3486.53031822

3486.53031822

3486.53031822

3486.53031822

3486.53031822

3478.21255205

3447.02092892

3438.70316276

3435.93057404

3413.74986426

3408.89783399

3408.20468681

3408.20468681

3408.20468681

3408.20468681

3408.20468681

3408.20468681

3408.20468681

3408.20468681

3408.20468681

3408.20468681

3394.3417432

3364.53641444

3355.52550109

3353.44605955

3353.44605955

3353.44605955

3353.44605955

3353.44605955

3353.44605955

3353.44605955

3353.44605955

3353.44605955

3353.44605955

3353.44605955

3353.44605955

3353.44605955

3343.04885184

3328.49276105

3327.10646669

3326.41331951

3321.56128924

3321.56128924

3321.56128924

3321.56128924

3321.56128924

3321.56128924

3321.56128924

3321.56128924

3321.56128924

3321.56128924

3321.56128924

3321.56128924

3321.56128924

3321.56128924

3321.56128924

3321.56128924

3321.56128924

3316.70925898

3311.16408153

3306.31205127

3305.61890409

3304.92575691

3304.92575691

3304.92575691

3304.92575691

3304.92575691

3304.92575691

3304.92575691

3304.92575691

3304.92575691

3304.92575691

3304.92575691

3304.92575691

3304.92575691

3304.92575691

3304.92575691

3304.92575691

3304.92575691

3304.92575691

3304.92575691

3303.53946255

3301.46002101

3297.9942851

3297.30113792

3297.30113792

3297.30113792

3297.30113792

3297.30113792

3297.30113792

3297.30113792

3297.30113792

3297.30113792

3297.30113792

3297.30113792

3297.30113792

3284.82448867

3270.26839788

3164.21687926

3054.00647755

2969.44252152

2951.42069482

2922.30851324

2914.68389425

2911.21815835

2904.97983373

2869.62932752

2832.19937977

2794.07628484

2753.87374836

2744.86283502

2744.16968784

2744.16968784

2744.16968784

2744.16968784

2744.16968784

2744.16968784

2744.16968784

2721.29583088

2683.17273595

2646.43593538

2614.55116507

2595.8361912

2594.44989684

2593.06360247

2593.06360247

2593.06360247

2593.06360247

2593.06360247

2593.06360247

2593.06360247

2593.06360247

2593.06360247

2593.06360247

2593.06360247

2592.37045529

2566.72400961

2556.32680191

2550.78162446

2548.00903574

2544.54329984

2544.54329984

2544.54329984

2544.54329984

2544.54329984

2544.54329984

2544.54329984

2544.54329984

2544.54329984

2544.54329984

2544.54329984

2544.54329984

2544.54329984

2544.54329984

2544.54329984

2544.54329984

2544.54329984

2544.54329984

2544.54329984

2544.54329984

2537.61182803

2529.98720904

2525.13517878

2517.51055979

2493.94355565

2471.76284588

2468.99025715

2465.52452125

2465.52452125

2465.52452125

2465.52452125

2465.52452125

2465.52452125

2465.52452125

2465.52452125

2465.52452125

2435.71919249

2356.00726672

2275.60219378

2171.63011669

2160.53976181

2132.81387458

2125.88240278

2122.41666687

2122.41666687

2109.94001762

2089.14560221

2089.14560221

2078.05524732

2047.55677137

2047.55677137

2047.55677137

2047.55677137

2047.55677137

2047.55677137

2036.46641649

2006.66108772

1996.95702719

1994.87758565

1993.49129129

1993.49129129

1993.49129129

1993.49129129

1993.49129129

1993.49129129

1993.49129129

1985.8666723

1958.83393226

1948.43672455

1948.43672455

1948.43672455

1948.43672455

1948.43672455

1948.43672455

1948.43672455

1948.43672455

1948.43672455

1948.43672455

1940.11895839

1938.03951685

1936.65322248

1936.65322248

1936.65322248

1936.65322248

1936.65322248

1936.65322248

1936.65322248

1936.65322248

1936.65322248

1936.65322248

1932.4943394

1909.62048244

1909.62048244

1909.62048244

1909.62048244

1909.62048244

1909.62048244

1909.62048244

1909.62048244

1909.62048244

1909.62048244

1909.62048244

1909.62048244

1907.5410409

1896.45068601

1890.21236139

1889.51921421

1887.43977266

1887.43977266

1887.43977266

1887.43977266

1887.43977266

1887.43977266

1887.43977266

1887.43977266

1887.43977266

1887.43977266

1887.43977266

1887.43977266

1887.43977266

1877.73571214

1863.17962135

1857.6344439

1857.6344439

1856.24814954

1852.78241364

1849.31667773

1848.62353055

1848.62353055

1848.62353055

1848.62353055

1848.62353055

1848.62353055

1848.62353055

1848.62353055

1848.62353055

1848.62353055

1848.62353055

1848.62353055

1848.62353055

1848.62353055

1848.62353055

1848.62353055

1848.62353055

1848.62353055

1848.62353055

1848.62353055

1848.62353055

1846.54408901

1840.99891157

1836.1468813

1835.45373412

1834.76058694

1831.29485104

1816.73876025

1795.94434483

1771.68419351

1733.56109858

1733.56109858

1733.56109858

1733.56109858

1733.56109858

1733.56109858

1733.56109858

1733.56109858

1733.56109858

1733.56109858

1733.56109858

1733.56109858

1733.56109858

1733.56109858

1733.56109858

1733.56109858

1733.56109858

1733.56109858

1733.56109858

1733.56109858

1733.56109858

1733.56109858

1658.70120308

1653.15602564

1603.94257582

1533.2415634

1507.59511772

1454.915932

1414.02024834

1373.12456469

1332.92202822

1276.77710659

1222.71162651

1176.96391259

1142.30655356

1127.05731559

1126.36416841

1125.67102123

1124.28472687

1124.28472687

1124.28472687

1124.28472687

1124.28472687

1124.28472687

1124.28472687


